props,A,G,L,M,F,W,K,Q,E,S,P,V,I,C,Y,H,R,N,D,T
AA_num_key,1.0,2.0,3.0,4.0,5.0,6.0,7.0,8.0,9.0,10.0,11.0,12.0,13.0,14.0,15.0,16.0,17.0,18.0,19.0,20.0
AA_num_key_new,-0.15,-0.1,-0.95,-0.85,-0.45,-0.5,0.85,0.65,0.95,0.55,-0.4,-0.9,-1.0,0.5,0.1,0.75,0.9,0.7,1.0,0.45
charge_key,0.0,0.0,0.0,0.0,0.0,0.0,1.0,0.0,-1.0,0.0,0.0,0.0,0.0,-0.048,0.0,0.091,1.0,0.0,-1.0,0.0
hydrophobicity,0.33,1.14,-0.69,-0.44,-0.58,-0.24,1.81,0.19,1.61,0.33,-0.31,-0.53,-0.81,0.22,0.23,1.37,1.0,0.43,2.41,0.11
bulk,0.13721290451959514,0.1099971218049647,0.2165922707706006,0.2302001621279158,0.25854993578898916,0.29937360986093486,0.26081791768187507,0.2426740625387881,0.2426740625387881,0.1621607053413397,0.17463460575221199,0.18710850616308428,0.22112823455637232,0.16783066007355438,0.28916769134294845,0.24494204443167397,0.30050760080737776,0.21205630698482886,0.21205630698482886,0.1848405242701984
flex,0.984,1.031,0.935,0.952,0.915,0.904,1.102,1.037,1.094,1.046,1.049,0.931,0.927,0.906,0.929,0.95,1.008,1.048,1.068,0.997
factor1,-1.56,1.46,-1.04,-1.4,-0.21,0.3,-0.34,-0.47,-1.45,0.81,2.06,-0.74,-0.73,0.12,1.38,-0.41,0.22,1.14,0.58,0.26
factor2,-1.67,-1.96,0.0,0.18,0.98,2.1,0.82,0.24,0.19,-1.08,-0.33,-0.71,-0.16,-0.89,1.48,0.52,1.27,-0.07,-0.22,-0.7
factor3,-0.97,-0.23,-0.24,-0.42,-0.36,-0.72,-0.23,0.07,-1.61,0.16,-1.15,2.04,1.79,0.45,0.8,-0.28,1.37,-0.12,-1.58,1.21
factor4,-0.27,-0.16,-1.1,-0.73,-1.43,-1.57,1.7,1.1,1.17,0.42,-0.75,-0.4,-0.77,-1.05,-0.56,0.28,1.87,0.81,0.81,0.63
factor5,-0.93,0.1,-0.55,2.0,0.22,-1.16,1.54,1.1,-1.31,-0.21,0.88,0.5,-0.54,-0.71,0.0,1.61,-1.7,0.18,-0.92,-0.1
factor6,-0.78,-0.11,-2.05,1.52,-0.81,0.57,-1.62,0.59,0.4,-0.43,-0.45,-0.81,0.03,2.41,-0.68,1.01,0.46,0.37,0.15,0.21
factor7,-0.2,1.32,0.96,0.26,0.67,-0.48,1.15,0.84,0.04,-1.89,0.3,-1.07,-0.83,1.52,-0.31,-1.85,0.92,-0.09,-1.52,0.24
factor8,-0.08,2.36,-0.76,0.11,1.1,-0.4,-0.08,-0.71,0.38,-1.15,-2.3,0.06,0.51,-0.69,1.03,0.47,-0.39,1.23,0.47,-1.15
factor9,0.21,-1.66,0.45,-1.27,1.71,-2.3,-0.48,-0.03,-0.35,-0.97,0.74,-0.46,0.66,1.13,-0.05,1.13,0.23,1.1,0.76,-0.56
factor10,-0.48,0.46,0.93,0.27,-0.44,-0.6,0.6,-2.33,-0.12,-0.23,-0.28,0.65,-1.78,1.1,0.53,1.63,0.93,-1.73,0.7,0.19
