Prop#,Name,A,R,N,D,C,Q,E,G,H,I,L,K,M,F,P,S,T,W,Y,V
24,AURR980118,0.93,0.96,0.82,1.15,0.67,1.02,1.07,1.08,1.4,1.14,1.16,1.27,1.11,1.05,1.01,0.71,0.84,1.06,1.15,0.74
25,AURR980120,0.71,1.09,0.95,1.43,0.65,0.87,1.19,1.07,1.13,1.05,0.84,1.1,0.8,0.95,1.7,0.65,0.086,1.25,0.85,1.12
1,BUNA790103,6.5,6.9,7.5,7.0,7.7,6.0,7.0,5.6,8.0,7.0,6.5,6.5,0.0,9.4,0.0,6.5,6.9,0.0,6.8,7.0
35,CHAM830102,-0.11800000000000001,0.124,0.289,0.048,0.083,-0.105,-0.245,0.10400000000000001,0.138,0.23,-0.052000000000000005,0.032,-0.258,0.015,0.0,0.225,0.166,0.158,0.094,0.513
44,FASG760104,9.69,8.99,8.8,9.6,8.35,9.13,9.67,9.78,9.17,9.68,9.6,9.18,9.21,9.18,10.64,9.21,9.1,9.44,9.11,9.62
20,GEIM800103,1.55,0.2,1.2,1.55,1.44,1.13,1.67,0.59,1.21,1.27,1.25,1.2,1.37,0.4,0.21,1.01,0.55,1.86,1.08,0.64
34,GEOR030103,0.938,1.137,0.902,0.857,0.6856,0.9159999999999999,1.139,0.892,1.109,0.986,1.0,0.9520000000000001,1.077,1.11,1.266,0.956,1.018,0.971,1.157,0.9590000000000001
39,GEOR030107,0.892,1.1540000000000001,1.1440000000000001,0.925,1.035,1.2,1.115,0.917,0.992,0.8170000000000001,0.9940000000000001,0.9440000000000001,0.782,1.058,1.3090000000000002,0.986,1.11,0.841,0.866,0.9
27,ISOY800106,1.09,1.07,0.88,1.24,1.04,1.09,1.14,0.27,1.07,0.97,1.3,1.2,0.55,0.8,1.78,1.2,0.99,1.03,0.69,0.77
21,ISOY800107,1.34,2.78,0.92,1.77,1.44,0.79,2.54,0.95,0.0,0.52,1.05,0.79,0.0,0.43,0.37,0.87,1.14,1.79,0.73,0.0
45,JOND750102,2.34,1.18,2.02,2.01,1.65,2.17,2.19,2.34,1.82,2.36,2.36,2.18,2.28,1.83,1.99,2.21,2.1,2.38,2.2,2.32
28,JOND920102,100.0,83.0,104.0,86.0,44.0,84.0,77.0,50.0,91.0,103.0,54.0,72.0,93.0,51.0,58.0,117.0,107.0,25.0,50.0,98.0
12,KHAG800101,49.1,133.0,-3.6,0.0,0.0,20.0,0.0,64.6,75.7,18.9,15.6,0.0,6.8,54.7,43.8,44.4,31.0,70.5,0.0,29.5
46,KLEP840101,0.0,1.0,0.0,-1.0,0.0,0.0,-1.0,0.0,0.0,0.0,0.0,1.0,0.0,0.0,0.0,0.0,0.0,0.0,0.0,0.0
6,MAXF760103,0.64,0.62,3.14,1.92,0.32,0.8,1.01,0.63,2.05,0.92,0.37,0.89,1.07,0.86,0.5,1.01,0.92,1.0,1.31,0.87
26,NADH010107,-2.0,-41.0,-97.0,248.0,329.0,-37.0,117.0,-66.0,-70.0,28.0,36.0,115.0,62.0,120.0,-132.0,-52.0,174.0,179.0,-7.0,114.0
36,NAKH900113,1.61,0.4,0.73,0.75,0.37,0.61,1.5,3.12,0.46,1.61,1.37,0.62,1.59,1.24,0.67,0.68,0.92,1.63,0.67,1.3
29,PRAM820101,0.305,0.22699999999999998,0.322,0.335,0.33899999999999997,0.306,0.282,0.35200000000000004,0.215,0.278,0.262,0.391,0.28,0.195,0.34600000000000003,0.326,0.251,0.29100000000000004,0.293,0.29100000000000004
13,PRAM820103,0.687,0.59,0.489,0.632,0.263,0.527,0.669,0.67,0.594,0.564,0.541,0.40700000000000003,0.32799999999999996,0.5770000000000001,0.6,0.6920000000000001,0.713,0.632,0.495,0.529
40,QIAN880113,-0.08,0.05,-0.08,-0.24,-0.25,-0.28,-0.19,-0.1,0.29,-0.01,0.28,0.45,0.11,0.0,-0.42,0.07,-0.33,0.36,0.0,-0.13
14,QIAN880117,-0.14,0.14,-0.27,-0.1,-0.64,-0.11,-0.39,0.46,-0.04,0.16,-0.57,0.04,0.24,0.08,0.02,-0.12,0.0,-0.1,0.18,0.29
17,QIAN880123,-0.44,-0.13,0.05,-0.2,0.13,-0.58,-0.28,0.08,0.09,-0.04,-0.12,-0.33,-0.21,-0.13,-0.48,0.27,0.47,-0.22,-0.11,0.06
22,QIAN880128,-0.19,0.17,-0.38,0.09,0.41,0.04,-0.2,0.28,-0.19,-0.06,0.34,-0.2,0.45,0.07,0.04,-0.23,-0.02,0.16,0.22,0.05
41,QIAN880129,-0.43,0.06,0.0,-0.31,0.19,0.14,-0.41,-0.21,0.21,0.29,-0.1,0.33,-0.01,0.25,0.28,-0.23,-0.26,0.15,0.09,-0.1
2,QIAN880139,0.08,-0.01,-0.06,0.04,0.37,0.48,0.36,-0.02,-0.45,0.09,0.24,-0.27,0.16,0.34,0.16,-0.35,-0.04,-0.06,-0.2,0.18
42,RACS820103,0.82,2.6,2.07,2.64,0.0,0.0,2.62,1.63,0.0,2.32,0.0,2.86,0.0,0.0,0.0,1.23,2.48,0.0,1.9,1.62
43,RACS820104,0.78,1.75,1.32,1.25,3.14,0.93,0.94,1.13,1.03,1.26,0.91,0.85,0.41,1.07,1.73,1.31,1.57,0.98,1.31,1.11
15,RACS820107,0.4,1.2,1.24,1.59,2.98,0.5,1.26,1.89,2.71,1.31,0.57,0.87,0.0,1.27,0.38,0.92,1.38,1.53,1.79,0.95
30,RICJ880101,0.7,0.4,1.2,1.4,0.6,1.0,1.0,1.6,1.2,0.9,0.9,1.0,0.3,1.2,0.7,1.6,0.3,1.1,1.9,0.7
31,RICJ880104,1.2,0.7,0.7,0.8,0.8,0.7,2.2,0.3,0.7,0.9,0.9,0.6,0.3,0.5,2.6,0.7,0.8,2.1,1.8,1.1
37,RICJ880105,1.6,0.9,0.7,2.6,1.2,0.8,2.0,0.9,0.7,0.7,0.3,1.0,1.0,0.9,0.5,0.8,0.7,1.7,0.4,0.6
18,RICJ880114,1.1,1.0,1.2,0.4,1.6,2.1,0.8,0.2,3.4,0.7,0.7,2.0,1.0,0.7,0.0,1.7,1.0,0.0,1.2,0.7
7,RICJ880117,0.7,1.1,1.5,1.4,0.4,1.1,0.7,0.6,1.0,0.7,0.5,1.3,0.0,1.2,1.5,0.9,2.1,2.7,0.5,1.0
8,ROBB760107,0.0,1.1,-2.0,-2.6,5.4,2.4,3.1,-3.4,0.8,-0.1,-3.7,-3.1,-2.1,0.7,7.4,1.3,0.0,-3.4,4.8,2.7
23,ROBB760111,-3.7,1.0,-0.6,-0.6,4.0,3.4,-4.3,5.9,-0.8,-0.5,-2.8,1.3,-1.6,1.6,-6.0,1.5,1.2,6.5,1.3,-4.6
9,ROSM880103,0.4,0.3,0.9,0.8,0.5,0.7,1.3,0.0,1.0,0.4,0.6,0.4,0.3,0.7,0.9,0.4,0.4,0.6,1.2,0.4
19,SNEP660104,-0.062,-0.16699999999999998,0.166,-0.079,0.38,-0.025,-0.184,-0.017,0.055999999999999994,-0.309,-0.264,-0.371,0.077,0.07400000000000001,-0.036000000000000004,0.47,0.348,0.05,0.22,-0.212
32,SUEM840102,8.0,0.1,0.1,70.0,26.0,33.0,6.0,0.1,0.1,55.0,33.0,1.0,54.0,18.0,42.0,0.1,0.1,77.0,66.0,0.1
3,TANS770108,0.32799999999999996,2.088,1.4980000000000002,3.3789999999999996,0.0,0.0,0.0,0.5,1.204,2.0780000000000003,0.414,0.835,0.982,1.3359999999999999,0.415,1.089,1.732,1.781,0.0,0.946
4,VASM830101,0.135,0.29600000000000004,0.196,0.289,0.159,0.23600000000000002,0.184,0.051,0.223,0.17300000000000001,0.215,0.17,0.239,0.087,0.151,0.01,0.1,0.166,0.066,0.285
33,VASM830102,0.507,0.45899999999999996,0.287,0.223,0.5920000000000001,0.38299999999999995,0.445,0.39,0.31,0.111,0.619,0.5589999999999999,0.431,0.077,0.7390000000000001,0.6890000000000001,0.785,0.16,0.06,0.35600000000000004
16,VELV850101,0.03731,0.09593,0.00359,0.1263,0.08292000000000001,0.07606,0.0058,0.00499,0.02415,0.0,0.0,0.0371,0.08226,0.0946,0.019790000000000002,0.08292000000000001,0.09408,0.054810000000000005,0.05159,0.00569
10,WERD780102,0.16,-0.2,1.03,-0.24,-0.12,-0.55,-0.45,-0.16,-0.18,-0.19,-0.44,-0.12,-0.79,-0.25,-0.59,-0.01,0.05,-0.33,-0.42,-0.46
5,WERD780103,0.15,-0.37,0.69,-0.22,-0.19,-0.06,0.14,0.36,-0.25,0.02,0.06,-0.16,0.11,1.18,0.11,0.13,0.28,-0.12,0.19,-0.08
11,WILM950104,-2.34,1.6,2.81,-0.48,5.03,0.16,1.3,-1.06,-3.0,7.26,1.09,1.56,0.62,2.57,-0.15,1.93,0.19,3.59,-2.58,2.06
38,WOLS870103,0.09,-3.44,0.84,2.36,4.13,-1.14,-0.07,0.3,1.11,-1.03,-0.98,-3.14,-0.41,0.45,2.23,0.57,-1.4,0.85,0.01,-1.29
